7.394902469210281604e-01 2.605097530789718396e-01
8.436938450715373294e-01 1.563061549284625595e-01
4.299220309958562969e-01 5.700779690041438696e-01
4.287422222852045883e-01 5.712577777147952451e-01
7.824432279311996918e-01 2.175567720688002527e-01
1.223579727591749683e-01 8.776420272408248513e-01
2.866474009977552084e-01 7.133525990022447916e-01
1.067960045564234489e-01 8.932039954435765372e-01
9.187954598061894851e-01 8.120454019381058430e-02
7.292266518304915124e-01 2.707733481695085431e-01
5.764538967619615706e-01 4.235461032380382074e-01
8.161627888313695012e-01 1.838372111686306376e-01
6.103741769670599782e-01 3.896258230329399108e-01
6.878403974739618620e-01 3.121596025260381935e-01
1.121619444624366926e-02 9.887838055537563342e-01
5.867355705099710494e-01 4.132644294900289506e-01
9.574898411506282958e-02 9.042510158849372814e-01
5.000000000000000000e-01 5.000000000000000000e-01
8.303946099559869065e-01 1.696053900440131490e-01
3.878406880530754774e-01 6.121593119469246336e-01
8.067989894436758957e-01 1.932010105563241320e-01
3.638266261055186912e-01 6.361733738944813643e-01
7.330008252371866817e-01 2.669991747628130407e-01
5.576211261718209133e-01 4.423788738281789201e-01
6.934814362441598101e-01 3.065185637558402454e-01
6.746052694394151505e-02 9.325394730560583323e-01
2.702701802444172907e-01 7.297298197555829313e-01
7.886786888091229519e-01 2.113213111908771036e-01
2.734455309841268833e-01 7.265544690158730612e-01
4.157873302734793053e-01 5.842126697265208612e-01
8.456098311318794858e-01 1.543901688681202922e-01
2.905106045237726420e-01 7.094893954762270250e-01
8.580696791519814015e-01 1.419303208480184320e-01
2.229894565090452530e-01 7.770105434909546638e-01
7.485990964353278487e-01 2.514009035646723178e-01
3.056260036023250026e-01 6.943739963976751639e-01
1.921180539229797590e-01 8.078819460770201299e-01
6.457370110481722714e-01 3.542629889518277841e-01
7.994948667407421050e-01 2.005051332592581170e-01
4.557986358714427588e-01 5.442013641285574632e-01
8.376584092982841678e-01 1.623415907017156379e-01
6.992826599447097280e-01 3.007173400552902720e-01
4.512100887512955349e-01 5.487899112487043540e-01
9.074746667013664503e-01 9.252533329863375788e-02
1.518239270632572857e-01 8.481760729367426865e-01
7.976758923261249024e-01 2.023241076738751809e-01
5.275262012757901964e-01 4.724737987242099146e-01
8.855235103155042475e-01 1.144764896844955721e-01
2.724286622880246478e-01 7.275713377119752412e-01
8.934699716917741119e-01 1.065300283082259436e-01
7.631534037788594294e-01 2.368465962211403764e-01
7.642983981373787650e-01 2.357016018626212628e-01
2.382766429142460785e-01 7.617233570857538938e-01
3.225396270023133671e-01 6.774603729976865774e-01
2.828264178215950109e-01 7.171735821784048781e-01
5.000000000000000000e-01 5.000000000000000000e-01
7.119171525299212711e-01 2.880828474700790065e-01
7.643298181981068584e-01 2.356701818018929750e-01
6.947332975243470932e-01 3.052667024756528513e-01
1.864941917443631303e-01 8.135058082556368975e-01
7.453316105941872882e-01 2.546683894058126563e-01
8.482302783924777767e-01 1.517697216075223898e-01
8.502494063669582269e-01 1.497505936330415788e-01
2.489646523804631972e-01 7.510353476195367195e-01
4.424421173890449310e-01 5.575578826109550690e-01
5.000000000000000000e-01 5.000000000000000000e-01
5.000000000000000000e-01 5.000000000000000000e-01
8.076289561135133743e-01 1.923710438864867922e-01
4.817633885253129189e-01 5.182366114746870256e-01
8.233211978705257117e-01 1.766788021294743716e-01
6.614744811257409207e-01 3.385255188742590793e-01
6.822402678146535226e-01 3.177597321853464218e-01
4.710874251605259855e-02 9.528912574839472072e-01
7.884923682561947311e-01 2.115076317438052966e-01
6.415034580159936217e-01 3.584965419840064338e-01
7.543739228782732065e-01 2.456260771217267380e-01
7.422680605938803966e-01 2.577319394061194369e-01
6.322489595920464112e-01 3.677510404079536444e-01
3.013771599336640961e-01 6.986228400663360150e-01
2.936848967700061985e-01 7.063151032299936904e-01
6.816642760331170781e-01 3.183357239668828664e-01
7.702153873453062571e-01 2.297846126546937984e-01
2.507437615127196540e-01 7.492562384872805126e-01
2.575074009436935096e-01 7.424925990563066014e-01
6.700465239212300972e-01 3.299534760787698473e-01
1.251321104459028055e-01 8.748678895540973333e-01
4.798676610134522957e-01 5.201323389865474267e-01
6.455806398976253746e-01 3.544193601023747364e-01
5.597501021397650600e-01 4.402498978602347735e-01
3.047158953003388793e-01 6.952841046996610652e-01
7.001378162547481354e-01 2.998621837452520866e-01
8.989812871049755738e-02 9.101018712895023732e-01
3.711140358764697389e-01 6.288859641235302611e-01
2.140634970377940371e-01 7.859365029622062959e-01
2.534863283869275286e-01 7.465136716130723604e-01
7.832998004864969444e-01 2.167001995135030834e-01
8.362346304303992506e-01 1.637653695696007494e-01
5.951291111636224374e-01 4.048708888363775071e-01
2.925339377279704833e-01 7.074660622720294612e-01
1.145726309029030665e-01 8.854273690970967392e-01
7.862342208107291341e-01 2.137657791892708381e-01
5.985553457237985375e-01 4.014446542762011849e-01
8.435655749687461791e-01 1.564344250312537932e-01
5.640333422789469697e-01 4.359666577210529748e-01
2.384491632389505178e-01 7.615508367610497320e-01
8.342849031100715296e-01 1.657150968899285537e-01
2.258838963466248961e-01 7.741161036533751316e-01
6.317190187400385515e-01 3.682809812599614485e-01
1.136824863365484134e-01 8.863175136634516837e-01
8.229788699062664525e-01 1.770211300937334642e-01
3.433498435238399593e-01 6.566501564761600962e-01
4.919083813577203035e-01 5.080916186422796965e-01
4.797005001995749973e-01 5.202994998004248917e-01
7.847937432023553983e-01 2.152062567976444074e-01
3.098642679626437690e-01 6.901357320373563420e-01
7.461297907662870488e-01 2.538702092337126737e-01
3.402844047637628155e-01 6.597155952362371290e-01
4.518239023368132989e-01 5.481760976631866455e-01
4.720208464878778987e-01 5.279791535121221013e-01
5.184072571942283103e-02 9.481592742805771135e-01
8.668289407775242594e-01 1.331710592224756018e-01
4.060992417804815124e-01 5.939007582195185986e-01
9.004271872150410028e-01 9.957281278495877519e-02
4.874042455182007738e-01 5.125957544817991707e-01
5.811106583989349428e-01 4.188893416010650572e-01
8.453919863102567211e-02 9.154608013689742307e-01
6.333023519436721260e-01 3.666976480563278185e-01
5.333207147498226774e-01 4.666792852501773781e-01
3.666776933221415069e-01 6.333223066778584931e-01
1.367059047676824624e-01 8.632940952323171491e-01
8.105707923679354998e-01 1.894292076320644169e-01
3.658243413645970166e-01 6.341756586354028169e-01
8.370062799470284753e-01 1.629937200529716634e-01
4.508212083274248938e-01 5.491787916725751062e-01
5.933600240331470266e-01 4.066399759668528069e-01
7.983186178759784646e-01 2.016813821240217575e-01
8.149472845218854733e-01 1.850527154781146655e-01
7.888975046743501585e-01 2.111024953256499803e-01
6.834133091291046957e-01 3.165866908708951932e-01
7.443589812226414359e-01 2.556410187773587306e-01
2.656438708996510800e-01 7.343561291003490865e-01
5.605095205995177382e-02 9.439490479400483025e-01
4.938225178638633306e-01 5.061774821361367804e-01
8.693634965339468446e-01 1.306365034660530999e-01
8.817137825749129521e-01 1.182862174250869508e-01
6.561348710031698062e-01 3.438651289968300828e-01
1.571455749621644971e-01 8.428544250378353642e-01
3.523232136289563554e-01 6.476767863710436446e-01
7.284141088573835576e-01 2.715858911426164979e-01
6.564714866755371192e-01 3.435285133244628808e-01
5.000000000000000000e-01 5.000000000000000000e-01
2.302534226106885962e-01 7.697465773893115148e-01
8.549536202582334043e-01 1.450463797417665957e-01
6.872498571429268566e-01 3.127501428570730879e-01
6.958263848933429196e-01 3.041736151066566363e-01
6.014940829767471131e-01 3.985059170232528314e-01
4.820303209796533706e-01 5.179696790203466294e-01
1.767051768729958339e-01 8.232948231270040829e-01
3.710999124548245987e-01 6.289000875451753458e-01
4.345263585782567217e-01 5.654736414217432783e-01
2.420782714603707808e-01 7.579217285396292469e-01
1.244080572790302180e-01 8.755919427209696293e-01
7.162981197617257489e-01 2.837018802382743066e-01
6.387581565575578546e-01 3.612418434424421454e-01
8.875745079615087185e-01 1.124254920384914203e-01
7.222677366761077744e-01 2.777322633238922256e-01
8.806593867997845049e-01 1.193406132002153980e-01
1.842350124464078864e-01 8.157649875535922801e-01
8.874080687373741005e-01 1.125919312626259411e-01
1.835373296422538880e-01 8.164626703577462230e-01
8.128993762217994190e-01 1.871006237782006920e-01
9.019459546686501294e-01 9.805404533134980116e-02
3.900236391462031382e-01 6.099763608537968063e-01
5.754562842963808489e-01 4.245437157036191511e-01
1.251403762362137129e-01 8.748596237637863426e-01
6.495124427752302365e-01 3.504875572247698190e-01
4.568102177686864107e-01 5.431897822313134228e-01
2.749170972805500823e-01 7.250829027194500842e-01
4.687972144176944522e-01 5.312027855823056033e-01
7.263169853700094380e-01 2.736830146299907285e-01
1.394077967166194865e-01 8.605922032833805968e-01
8.973996686216137997e-01 1.026003313783861171e-01
6.149535530871309552e-01 3.850464469128691003e-01
7.006725045044289724e-01 2.993274954955711387e-01
2.368421979518751108e-01 7.631578020481252222e-01
2.797444611462150399e-01 7.202555388537850156e-01
7.258501858095842696e-01 2.741498141904157859e-01
3.993649911068196112e-01 6.006350088931803333e-01
5.916814985595388876e-01 4.083185014404611679e-01
8.006173365543030052e-01 1.993826634456970226e-01
7.286685248882796007e-01 2.713314751117205659e-01
1.720178833611207270e-01 8.279821166388792175e-01
1.077729337620268873e-01 8.922270662379730988e-01
6.712636545190604487e-01 3.287363454809395513e-01
8.076793355707962974e-01 1.923206644292037026e-01
2.919049080452745248e-01 7.080950919547254196e-01
8.171637760442717058e-01 1.828362239557285440e-01
1.289726685200150158e-01 8.710273314799847899e-01
3.941909309660933114e-01 6.058090690339068551e-01
2.629378158061238535e-01 7.370621841938761465e-01
3.251278166889615129e-01 6.748721833110384871e-01
7.483470944416297232e-01 2.516529055583702768e-01
9.216489393050182610e-02 9.078351060694982433e-01
3.091786868260210652e-01 6.908213131739792123e-01
7.536272161449054652e-01 2.463727838550944793e-01
4.894311579563939141e-01 5.105688420436060859e-01
5.771605608639978069e-01 4.228394391360021931e-01
7.847112349872968906e-01 2.152887650127029429e-01
6.515300568375033130e-01 3.484699431624966870e-01
8.593927810993878813e-01 1.406072189006119522e-01
5.274679005463583231e-02 9.472532099453639942e-01
4.863563889961902142e-01 5.136436110038096192e-01
7.957919746854910104e-01 2.042080253145089619e-01
7.607394734794400426e-01 2.392605265205599296e-01
1.608562437492976338e-01 8.391437562507024772e-01
5.743172962281271055e-01 4.256827037718728945e-01
2.359598388554752790e-01 7.640401611445246655e-01
5.570688798001278697e-01 4.429311201998722969e-01
8.045303304653188547e-01 1.954696695346812563e-01
8.663094854912015697e-01 1.336905145087983748e-01
7.963070552155654402e-01 2.036929447844346708e-01
5.506055400810990763e-01 4.493944599189008682e-01
8.883334887172984473e-01 1.116665112827014555e-01
8.889822855090206977e-01 1.110177144909795521e-01
7.015097645828647366e-01 2.984902354171351524e-01
1.515230612622333051e-01 8.484769387377666394e-01
5.000000000000000000e-01 5.000000000000000000e-01
6.610942581171881383e-01 3.389057418828118617e-01
5.363504296290081408e-01 4.636495703709918592e-01
4.102602130419958915e-01 5.897397869580039975e-01
6.260690721795727498e-01 3.739309278204270837e-01
8.001468210377420398e-01 1.998531789622580712e-01
7.864146732984891308e-01 2.135853267015108692e-01
4.673373170284056410e-01 5.326626829715944700e-01
1.751057119018067099e-01 8.248942880981932069e-01
6.166443635626419617e-01 3.833556364373580383e-01
6.017614947633219691e-01 3.982385052366780864e-01
9.535685435482883499e-01 4.643145645171164321e-02
7.566103709171647651e-01 2.433896290828352071e-01
5.799853571095071603e-01 4.200146428904927842e-01
7.296329495717247537e-01 2.703670504282754128e-01
8.656218203254862908e-01 1.343781796745137369e-01
3.793383765297249077e-01 6.206616234702750923e-01
5.543102774902352037e-01 4.456897225097646853e-01
3.460284118460908442e-01 6.539715881539091002e-01
7.091251380854380892e-01 2.908748619145621883e-01
4.441496420949739288e-01 5.558503579050262378e-01
5.086191161196311761e-01 4.913808838803686019e-01
6.324310712778214993e-01 3.675689287221785007e-01
4.073919752028675734e-01 5.926080247971323711e-01
6.465431798880459935e-01 3.534568201119539510e-01
3.224362422414172591e-01 6.775637577585826854e-01
7.737382905172901504e-01 2.262617094827096831e-01
5.977975648840625489e-01 4.022024351159375621e-01
8.223214130752073414e-01 1.776785869247925753e-01
1.133585894986816889e-01 8.866414105013185054e-01
1.331648341010485681e-01 8.668351658989513764e-01
6.011135869739735460e-01 3.988864130260263985e-01
1.423080739024968344e-01 8.576919260975032211e-01
7.828935791623654605e-01 2.171064208376347615e-01
7.807211299879184274e-01 2.192788700120815171e-01
7.821482900120902970e-01 2.178517099879097307e-01
7.649357149689516300e-01 2.350642850310483423e-01
5.000000000000000000e-01 5.000000000000000000e-01
5.467193883917463859e-01 4.532806116082536141e-01
7.574681251346683242e-01 2.425318748653318146e-01
7.382474512990109261e-01 2.617525487009890184e-01
7.919347235139579944e-01 2.080652764860420889e-01
7.649432589674810545e-01 2.350567410325190287e-01
4.687394296559274087e-01 5.312605703440727023e-01
8.013463391181290252e-01 1.986536608818709471e-01
7.728568745196512380e-01 2.271431254803487620e-01
7.203504431590146417e-01 2.796495568409853583e-01
4.755157528112799459e-01 5.244842471887201096e-01
7.685281679332000015e-01 2.314718320667999985e-01
3.325670122584890032e-01 6.674329877415108303e-01
6.778585862717528832e-01 3.221414137282469503e-01
3.628943525540375137e-01 6.371056474459624308e-01
2.900897861051448534e-01 7.099102138948550911e-01
8.459734719031158923e-01 1.540265280968842743e-01
5.292688585923781552e-01 4.707311414076220113e-01
5.000000000000000000e-01 5.000000000000000000e-01
7.571119053056071246e-01 2.428880946943928199e-01
6.640504002624284530e-01 3.359495997375716025e-01
8.078461455750191034e-01 1.921538544249807579e-01
7.789085117244384238e-01 2.210914882755615762e-01
6.215615340490288077e-01 3.784384659509710813e-01
8.855192177017348065e-01 1.144807822982651241e-01
1.911859962703245652e-01 8.088140037296754903e-01
5.399156282610434454e-01 4.600843717389564436e-01
8.267611323588905936e-01 1.732388676411093231e-01
6.943835557466148112e-01 3.056164442533849668e-01
1.058817171984959699e-01 8.941182828015039608e-01
4.014283404490064378e-01 5.985716595509936733e-01
8.824083128642856710e-01 1.175916871357143706e-01
4.476149093430318859e-01 5.523850906569680586e-01
9.036194893040673248e-01 9.638051069593270292e-02
4.409918878302425682e-01 5.590081121697573208e-01
5.568821726845135656e-01 4.431178273154864899e-01
6.867513057090357531e-01 3.132486942909643024e-01
6.626673192390398759e-01 3.373326807609601241e-01
8.112064183998434208e-01 1.887935816001569955e-01
7.218663586446697478e-01 2.781336413553300302e-01
7.849409615209765878e-01 2.150590384790235510e-01
9.747822682803175542e-02 9.025217731719682446e-01
1.850873796817886219e-01 8.149126203182112116e-01
8.138896969157300987e-01 1.861103030842697625e-01
3.991921075555757148e-01 6.008078924444243407e-01
3.530575968863349234e-01 6.469424031136650211e-01
7.652806243006546882e-01 2.347193756993451730e-01
7.094445899140826572e-01 2.905554100859171207e-01
6.695861659865532944e-01 3.304138340134465945e-01
7.946146370625958300e-01 2.053853629374043088e-01
4.248853753366637065e-01 5.751146246633362935e-01
7.579731251153417615e-01 2.420268748846581275e-01
2.496801437008771274e-01 7.503198562991232334e-01
1.284787540698828778e-01 8.715212459301172609e-01
6.484395766632055080e-01 3.515604233367944920e-01
1.875046323350526012e-01 8.124953676649472323e-01
3.986788717288687334e-01 6.013211282711312666e-01
6.622804668845453380e-01 3.377195331154546620e-01
5.261372797228510700e-01 4.738627202771490410e-01
8.282441861902228863e-02 9.171755813809777669e-01
6.800597646505298632e-01 3.199402353494699702e-01
5.494092861895794044e-01 4.505907138104206511e-01
8.520394631106771310e-01 1.479605368893229245e-01
7.612762360956915053e-01 2.387237639043083004e-01
4.735507424099040796e-01 5.264492575900959759e-01
7.638745209314157236e-01 2.361254790685841931e-01
8.621094265733519890e-01 1.378905734266479555e-01
7.822552424795472525e-01 2.177447575204527752e-01
7.995482757392098350e-01 2.004517242607901373e-01
8.031607153623417927e-01 1.968392846376582628e-01
5.722911780903383594e-01 4.277088219096616961e-01
3.449970235939165408e-01 6.550029764060832926e-01
8.829046340153877404e-02 9.117095365984612121e-01
8.676566927620084080e-01 1.323433072379914255e-01
5.765846764023245807e-01 4.234153235976754193e-01
3.115000675891762549e-01 6.884999324108238561e-01
7.422557551683809374e-01 2.577442448316190071e-01
6.215803951749727663e-01 3.784196048250272892e-01
8.361902985073627059e-01 1.638097014926373218e-01
1.385481076637216924e-01 8.614518923362783909e-01
2.162657124469160308e-01 7.837342875530840525e-01
1.514393834447645137e-01 8.485606165552357361e-01
1.609979984116347296e-01 8.390020015883652427e-01
5.447497763486286448e-01 4.552502236513714107e-01
7.185386776250675123e-01 2.814613223749324877e-01
2.755615162580437039e-01 7.244384837419561851e-01
1.010835958607071428e-01 8.989164041392928572e-01
4.896942683785518446e-01 5.103057316214482109e-01
4.667638425757657528e-01 5.332361574242343583e-01
5.193244710852261692e-01 4.806755289147738863e-01
2.941901590679895651e-01 7.058098409320107125e-01
1.147536190579679372e-01 8.852463809420318963e-01
6.337185917731001927e-01 3.662814082268999183e-01
2.943977690694485894e-01 7.056022309305514106e-01
8.075380418351070233e-01 1.924619581648932265e-01
1.073417396768109322e-01 8.926582603231889568e-01
1.209624289683000793e-02 9.879037571031701326e-01
4.606037763403337260e-01 5.393962236596662185e-01
7.219659558969513391e-01 2.780340441030488274e-01
6.876749258725320946e-01 3.123250741274678499e-01
8.399708788451296648e-01 1.600291211548702797e-01
5.638609999218147095e-01 4.361390000781854570e-01
8.310672736383173387e-01 1.689327263616824670e-01
3.624295666478402622e-01 6.375704333521596823e-01
5.849444397220179143e-02 9.415055560277982849e-01
1.142234690502067079e-01 8.857765309497931394e-01
8.741593570025046889e-01 1.258406429974954777e-01
2.588408995474419383e-01 7.411591004525580617e-01
6.316748435926503591e-01 3.683251564073497519e-01
6.592996131588494402e-01 3.407003868411506708e-01
5.722120383129342125e-01 4.277879616870659540e-01
4.593013257662779680e-01 5.406986742337220875e-01
5.659837877657573069e-01 4.340162122342426931e-01
7.538768686825823850e-02 9.246123131317415256e-01
3.137556457960001821e-01 6.862443542039997624e-01
7.762923723288698286e-01 2.237076276711302825e-01
7.269908284550169464e-01 2.730091715449828871e-01
7.940346350327562863e-01 2.059653649672436859e-01
6.944147593485417991e-01 3.055852406514578679e-01
6.902490514108230446e-01 3.097509485891772885e-01
7.580122473133982242e-01 2.419877526866018036e-01
7.796995467487195519e-01 2.203004532512805869e-01
5.164065510475346343e-01 4.835934489524654767e-01
8.755202091328709857e-01 1.244797908671291670e-01
1.714143678037151064e-01 8.285856321962850046e-01
3.748608357820787940e-01 6.251391642179212615e-01
8.476022368120308403e-01 1.523977631879689931e-01
2.183786554196730234e-01 7.816213445803271709e-01
8.740602289108140299e-01 1.259397710891858313e-01
4.390281225808739252e-01 5.609718774191261303e-01
3.619184777317764334e-01 6.380815222682234555e-01
1.081610881332445012e-01 8.918389118667556792e-01
8.155472831576630055e-01 1.844527168423370500e-01
6.849548135975327412e-01 3.150451864024671478e-01
5.372344817981390408e-01 4.627655182018611257e-01
4.680229483854970729e-01 5.319770516145030381e-01
8.154630134980177525e-01 1.845369865019822753e-01
7.698683173766439625e-01 2.301316826233561763e-01
2.323445481410045532e-01 7.676554518589956411e-01
2.965149441966567490e-01 7.034850558033430845e-01
9.278414440689843889e-01 7.215855593101558330e-02
3.039393802946699918e-01 6.960606197053298416e-01
7.753832862029541584e-01 2.246167137970458139e-01
2.325139545816701792e-01 7.674860454183299874e-01
8.596439902602253103e-01 1.403560097397744677e-01
7.782866981143486962e-01 2.217133018856514148e-01
9.809947165103304056e-02 9.019005283489667235e-01
6.960897668401379024e-01 3.039102331598620976e-01
3.311878732060863917e-01 6.688121267939134418e-01
6.042836860817042410e-01 3.957163139182958145e-01
8.210410806633411385e-01 1.789589193366588893e-01
1.477328520082210606e-01 8.522671479917790505e-01
8.857110599255015870e-01 1.142889400744983158e-01
3.030048896368128797e-01 6.969951103631870648e-01
5.171333677157422537e-01 4.828666322842577463e-01
1.091243302445691621e-01 8.908756697554308657e-01
6.373578560550766658e-01 3.626421439449234452e-01
6.304148006931743486e-01 3.695851993068254848e-01
8.074877186940302431e-01 1.925122813059696736e-01
6.005886702776235264e-01 3.994113297223765291e-01
6.324659480235508280e-01 3.675340519764492275e-01
7.389447312362075193e-01 2.610552687637924252e-01
6.442377419341844824e-01 3.557622580658155176e-01
7.585935291308206763e-01 2.414064708691793515e-01
8.808777571650747706e-01 1.191222428349252294e-01
7.595737017223435084e-01 2.404262982776561863e-01
9.030478934766515975e-01 9.695210652334823598e-02
8.033928266660604889e-01 1.966071733339394556e-01
7.481169697155723997e-01 2.518830302844278224e-01
4.045271745172527855e-01 5.954728254827471590e-01
4.643768926144012377e-01 5.356231073855987068e-01
7.924711684017000657e-01 2.075288315982998233e-01
8.025134843723005229e-01 1.974865156276995048e-01
4.548699934439430215e-01 5.451300065560568120e-01
3.459392765880990317e-01 6.540607234119010238e-01
4.603775739393719535e-01 5.396224260606278245e-01
7.805310360611409370e-01 2.194689639388589519e-01
7.273530936774047495e-01 2.726469063225951950e-01
6.561816706082685968e-01 3.438183293917313477e-01
5.720923556842416602e-01 4.279076443157582843e-01
8.615636491967784139e-01 1.384363508032216694e-01
3.103765245953424845e-01 6.896234754046572935e-01
6.657362747534605329e-01 3.342637252465395226e-01
6.349880223932909962e-01 3.650119776067088928e-01
2.858150646213736268e-01 7.141849353786262622e-01
8.671881636359423107e-01 1.328118363640576893e-01
7.574364821494838917e-01 2.425635178505161638e-01
6.606222775215647713e-01 3.393777224784351731e-01
5.859439472971070817e-01 4.140560527028929738e-01
7.878741978954054703e-01 2.121258021045944187e-01
8.619639976552085914e-01 1.380360023447915474e-01
3.198396318763975787e-01 6.801603681236025878e-01
7.739295755823111245e-01 2.260704244176890421e-01
1.750262053675057106e-01 8.249737946324943172e-01
8.142984527686635277e-01 1.857015472313364168e-01
6.843597112381438752e-01 3.156402887618559028e-01
7.939879252660976550e-02 9.206012074733904704e-01
7.513361965924466590e-01 2.486638034075534520e-01
7.366377630653024866e-01 2.633622369346975689e-01
4.359370908343627171e-01 5.640629091656372829e-01
2.534881461645165368e-01 7.465118538354834632e-01
4.125861520460107346e-01 5.874138479539894320e-01
3.851967875578211076e-01 6.148032124421790590e-01
6.890716736436405254e-01 3.109283263563594746e-01
6.012709636960453796e-01 3.987290363039547314e-01
7.770240886793664536e-01 2.229759113206336019e-01
8.232493947913971377e-01 1.767506052086027790e-01
6.679982942485588326e-01 3.320017057514410563e-01
6.528777769731332059e-01 3.471222230268667386e-01
5.629198957424326188e-01 4.370801042575673812e-01
1.657020745199926093e-01 8.342979254800072519e-01
7.454290161512671098e-01 2.545709838487327237e-01
4.009127658298880514e-02 9.599087234170113891e-01
6.143424088441037378e-01 3.856575911558964842e-01
8.332747599083681900e-01 1.667252400916319488e-01
5.485709795457180959e-01 4.514290204542817930e-01
7.505506327403669298e-01 2.494493672596331812e-01
2.829622000215135103e-01 7.170377999784863787e-01
7.600123870655494107e-01 2.399876129344505615e-01
6.299742643173908974e-01 3.700257356826091026e-01
7.171125884408253714e-01 2.828874115591744065e-01
5.000000000000000000e-01 5.000000000000000000e-01
7.079897715966808613e-01 2.920102284033191942e-01
7.935264537052216793e-01 2.064735462947784872e-01
5.745015755375053601e-01 4.254984244624946399e-01
6.343077208505759623e-01 3.656922791494239267e-01
7.234480389249342558e-01 2.765519610750656887e-01
7.683257547396111775e-01 2.316742452603887947e-01
5.205829086660209715e-01 4.794170913339790285e-01
2.461518413417838336e-01 7.538481586582160832e-01
8.363591700911086058e-01 1.636408299088914498e-01
1.045454535130513063e-01 8.954545464869487770e-01
8.119593445373667340e-01 1.880406554626331828e-01
7.425615352300881655e-01 2.574384647699119455e-01
9.315980175223170789e-01 6.840198247768292106e-02
7.597362309189183982e-01 2.402637690810815463e-01
7.416220470660954689e-01 2.583779529339045311e-01
4.104664929851326027e-01 5.895335070148675083e-01
6.876363513392579341e-01 3.123636486607422325e-01
6.896596533804428830e-01 3.103403466195571725e-01
7.262824560791615314e-01 2.737175439208385241e-01
2.578991541214034275e-02 9.742100845878595150e-01
8.558479917106524004e-01 1.441520082893475718e-01
6.234998260249933200e-01 3.765001739750066245e-01
7.445892564325542473e-01 2.554107435674456417e-01
8.309011800101785417e-01 1.690988199898213751e-01
6.876112942248933102e-01 3.123887057751069118e-01
3.795865656233348151e-01 6.204134343766651849e-01
2.543599664968498320e-01 7.456400335031502236e-01
7.877632013756078466e-01 2.122367986243920146e-01
7.128868303778047588e-01 2.871131696221951302e-01
3.532585702066352029e-01 6.467414297933645750e-01
7.014199173118591535e-01 2.985800826881409020e-01
6.769582328833401164e-01 3.230417671166601057e-01
8.876377047045801438e-01 1.123622952954198562e-01
6.029641514043364570e-01 3.970358485956637096e-01
4.362332884141277844e-01 5.637667115858721045e-01
8.955997089695110214e-01 1.044002910304891174e-01
1.372991712178662227e-01 8.627008287821338328e-01
6.702836504910021365e-01 3.297163495089979190e-01
3.158248345747456942e-01 6.841751654252542503e-01
5.708393268004002818e-01 4.291606731995997737e-01
4.823807294429813264e-01 5.176192705570186181e-01
2.600285298827650915e-01 7.399714701172348530e-01
4.534799826044118576e-01 5.465200173955883090e-01
5.823642539609763524e-02 9.417635746039024758e-01
7.523835765257139707e-01 2.476164234742857517e-01
7.151060701850688872e-01 2.848939298149312238e-01
1.412510217624432518e-01 8.587489782375568037e-01
6.109280224629465295e-01 3.890719775370535816e-01
3.163035481513472580e-01 6.836964518486529085e-01
2.704595176252065913e-01 7.295404823747934087e-01
5.896295346905549017e-01 4.103704653094452093e-01
6.083035012784342443e-01 3.916964987215658112e-01
5.138143360009941318e-01 4.861856639990057016e-01
3.271394661574221763e-01 6.728605338425779347e-01
8.125500369649479859e-01 1.874499630350520418e-01
8.522324938433762931e-01 1.477675061566234849e-01
5.472547689725234532e-01 4.527452310274765468e-01
8.103630627460705060e-01 1.896369372539292164e-01
6.975373402874665008e-01 3.024626597125336658e-01
7.059835899367521428e-01 2.940164100632479127e-01
2.520867533287097229e-01 7.479132466712903327e-01
3.390879555383483068e-01 6.609120444616515266e-01
4.211857820039622835e-01 5.788142179960376055e-01
1.900331684863337256e-01 8.099668315136665520e-01
7.160395414532014779e-01 2.839604585467985776e-01
8.397456837906561722e-01 1.602543162093438001e-01
8.229014903423611527e-01 1.770985096576391249e-01
8.941528528515210184e-01 1.058471471484788429e-01
1.414181247120570029e-01 8.585818752879431637e-01
7.735627096686741311e-01 2.264372903313259522e-01
7.468996499358223629e-01 2.531003500641773596e-01
7.980502947187754215e-01 2.019497052812246340e-01
5.189754869877025167e-02 9.481024513012296095e-01
2.393119842256277163e-01 7.606880157743722837e-01
1.451200804936089439e-01 8.548799195063908618e-01
8.249418292337311609e-01 1.750581707662687836e-01
8.440598887825223606e-01 1.559401112174776949e-01
6.670175457642990580e-01 3.329824542357009975e-01
3.736391267201741861e-01 6.263608732798259249e-01
1.262592907339892545e-01 8.737407092660106622e-01
7.947761526834024037e-01 2.052238473165977073e-01
1.712920069047253746e-01 8.287079930952746532e-01
3.613078672628830534e-02 9.638692132737116669e-01
6.457411157403088187e-02 9.354258884259690765e-01
7.216500588094117985e-01 2.783499411905879795e-01
2.376027174665658881e-01 7.623972825334340842e-01
5.561069144471095793e-01 4.438930855528905317e-01
6.813415108247954377e-01 3.186584891752048398e-01
6.485413661220923442e-01 3.514586338779077113e-01
2.794280338381853745e-01 7.205719661618147365e-01
5.903185925271547951e-01 4.096814074728452604e-01
5.717542718098137522e-01 4.282457281901863033e-01
6.851436044957340821e-01 3.148563955042661400e-01
8.026331620549327361e-01 1.973668379450671251e-01
1.721844108563519993e-01 8.278155891436478342e-01
5.587871277457907571e-01 4.412128722542090209e-01
3.140246957845648779e-01 6.859753042154349556e-01
7.731121744599438461e-01 2.268878255400565425e-01
2.023355368143468502e-01 7.976644631856532053e-01
7.312460492771686305e-01 2.687539507228313140e-01
4.623691852678176173e-01 5.376308147321823272e-01
5.666383270016522866e-01 4.333616729983477689e-01
7.798674379246306465e-01 2.201325620753693257e-01
7.934042255868819504e-01 2.065957744131182161e-01
8.688923444850216171e-01 1.311076555149783829e-01
8.179530038326000563e-01 1.820469961673999715e-01
1.958062310198317724e-01 8.041937689801681444e-01
5.986095231124575200e-01 4.013904768875424245e-01
8.357241607963405983e-01 1.642758392036595683e-01
6.043174841876679526e-01 3.956825158123319364e-01
2.585881267356974211e-01 7.414118732643024678e-01
5.624422612832435941e-01 4.375577387167566279e-01
6.535631156606080960e-01 3.464368843393919595e-01
7.053674698394725162e-01 2.946325301605274283e-01
8.474618539448707244e-01 1.525381460551293311e-01
9.291125569627196601e-01 7.088744303728052032e-02
8.065052353199412272e-01 1.934947646800588006e-01
8.518904749520667119e-02 9.148109525047934953e-01
3.137396911185844073e-01 6.862603088814155372e-01
5.581635328495910819e-01 4.418364671504088625e-01
2.739882486716415100e-01 7.260117513283583790e-01
6.665121723695162093e-01 3.334878276304837907e-01
6.611267139061565157e-01 3.388732860938435953e-01
5.179782016218680285e-01 4.820217983781321935e-01
5.939337017036554478e-01 4.060662982963444412e-01
3.727957706268151816e-01 6.272042293731848739e-01
7.307102827265701261e-01 2.692897172734300404e-01
5.098910759760484357e-01 4.901089240239516753e-01
7.540181239887415732e-01 2.459818760112585656e-01
7.915012272897684609e-01 2.084987727102316502e-01
5.557340656138261004e-01 4.442659343861738441e-01
2.936848830296705515e-01 7.063151169703294485e-01
7.888198783452317064e-01 2.111801216547685434e-01
7.541499078437839954e-01 2.458500921562161157e-01
5.535203308006765299e-01 4.464796691993234146e-01
8.122533630204166188e-01 1.877466369795835477e-01
7.912575104175858520e-01 2.087424895824140370e-01
7.151363809340980371e-01 2.848636190659021294e-01
6.541707834077149508e-01 3.458292165922849937e-01
4.838933275130278822e-01 5.161066724869720623e-01
7.443426841497468027e-01 2.556573158502531973e-01
1.483308035006745962e-01 8.516691964993253761e-01
7.543619304380210222e-01 2.456380695619790333e-01
5.706620347822861650e-01 4.293379652177140016e-01
8.377809368124827794e-01 1.622190631875173872e-01
5.854607063899224251e-01 4.145392936100775749e-01
6.704679848616191817e-01 3.295320151383809293e-01
5.599532271759742885e-01 4.400467728240257670e-01
7.616502243031355590e-01 2.383497756968645243e-01
3.662492150251333567e-01 6.337507849748665878e-01
1.991229150217435073e-01 8.008770849782567147e-01
6.221043272196630225e-01 3.778956727803370330e-01
2.193795609761408916e-01 7.806204390238592472e-01
6.119996753216051522e-01 3.880003246783949034e-01
2.639282140700904833e-01 7.360717859299092947e-01
7.836859085317096074e-01 2.163140914682901428e-01
2.327580623772834978e-01 7.672419376227165300e-01
3.433336112709963750e-01 6.566663887290032919e-01
8.776134949049121392e-01 1.223865050950878330e-01
7.590261227638537278e-01 2.409738772361463277e-01
2.916553904254801655e-01 7.083446095745200566e-01
6.171869350888192773e-01 3.828130649111806116e-01
4.376900964515158532e-01 5.623099035484840913e-01
8.553323990167009949e-01 1.446676009832989496e-01
7.645340157243309953e-01 2.354659842756688382e-01
8.513026813984224672e-01 1.486973186015773385e-01
2.962719095215798903e-01 7.037280904784202207e-01
6.430870797093773961e-01 3.569129202906225484e-01
8.363685400461332575e-01 1.636314599538667980e-01
1.865581261557085202e-02 9.813441873844290786e-01
9.065548001788172883e-01 9.344519982118248969e-02
5.327769931332252407e-01 4.672230068667748148e-01
1.484829061358365898e-01 8.515170938641634102e-01
5.811941782717686689e-01 4.188058217282312756e-01
5.000000000000000000e-01 5.000000000000000000e-01
1.116225869677386490e-01 8.883774130322615870e-01
7.189632973713893094e-01 2.810367026286106351e-01
8.105572905137630180e-01 1.894427094862370098e-01
7.877142384700671629e-01 2.122857615299328926e-01
3.545358294208912353e-01 6.454641705791086537e-01
8.181615475313502861e-01 1.818384524686496029e-01
5.589924527625570461e-01 4.410075472374428429e-01
3.244713231448876911e-01 6.755286768551124199e-01
7.227432968104600119e-01 2.772567031895398215e-01
6.917805091343516288e-01 3.082194908656484822e-01
7.615266070607734639e-01 2.384733929392265361e-01
6.858687560027142416e-01 3.141312439972857584e-01
2.002230649625409975e-01 7.997769350374591690e-01
8.682600352552150014e-01 1.317399647447848599e-01
4.017923938271487638e-01 5.982076061728512917e-01
3.939139763176847109e-01 6.060860236823154557e-01
8.214459523587663847e-01 1.785540476412336985e-01
4.922032539119069461e-01 5.077967460880932205e-01
6.536182550788696144e-01 3.463817449211302746e-01
8.126929459687584067e-01 1.873070540312417875e-01
7.142543409797037501e-01 2.857456590202963054e-01
3.768515744260311218e-01 6.231484255739689893e-01
5.254334561727751207e-02 9.474566543827225296e-01
2.870214065852157437e-01 7.129785934147842008e-01
9.032296175433039975e-01 9.677038245669605798e-02
7.086369843866567875e-01 2.913630156133431015e-01
3.532870387305818149e-01 6.467129612694181295e-01
2.414647005113901845e-01 7.585352994886098710e-01
6.604881226861245014e-02 9.339511877313874111e-01
6.314592263623146629e-01 3.685407736376854482e-01
7.975943626971765399e-01 2.024056373028231826e-01
3.281648993020592764e-01 6.718351006979407236e-01
8.791454836694673203e-01 1.208545163305325687e-01
2.803060339557226222e-01 7.196939660442775999e-01
6.338049451446255977e-01 3.661950548553746243e-01
7.731143543631265880e-01 2.268856456368733565e-01
7.901587349787893011e-01 2.098412650212103936e-01
4.635608189113699651e-01 5.364391810886298684e-01
8.537624464607959096e-01 1.462375535392042847e-01
2.376279707719092249e-01 7.623720292280907751e-01
7.186283448508050675e-01 2.813716551491948215e-01
6.956618545062991377e-01 3.043381454937005848e-01
2.479497634561318997e-01 7.520502365438679337e-01
6.680427529902679407e-01 3.319572470097321149e-01
3.319882575565104577e-01 6.680117424434892648e-01
8.229928101552679287e-01 1.770071898447319603e-01
1.847547379729495565e-01 8.152452620270504990e-01
4.308341360829479744e-02 9.569165863917054038e-01
5.413608479043364730e-01 4.586391520956636936e-01
7.890010964902509638e-01 2.109989035097490917e-01
7.097004209663466678e-01 2.902995790336533322e-01
7.868066890609787256e-01 2.131933109390211634e-01
8.693527651019443692e-01 1.306472348980555753e-01
7.374780485121688045e-01 2.625219514878313620e-01
7.915550591473476949e-01 2.084449408526524439e-01
6.548393964275198709e-01 3.451606035724801291e-01
1.159579994797111380e-01 8.840420005202888065e-01
4.291152046247035945e-01 5.708847953752962390e-01
5.067922804432608563e-01 4.932077195567390326e-01
3.808403588615323909e-01 6.191596411384675536e-01
3.828128134864919874e-01 6.171871865135079016e-01
3.898741802691443326e-01 6.101258197308556674e-01
7.458831126473899342e-01 2.541168873526101768e-01
2.313544430175304145e-01 7.686455569824696132e-01
5.904646045399579712e-01 4.095353954600420843e-01
5.212510703843226123e-01 4.787489296156774432e-01
3.614335136245261926e-01 6.385664863754738629e-01
8.731159638435411763e-01 1.268840361564586849e-01
4.904432440077536870e-01 5.095567559922462575e-01
2.710543860817327677e-01 7.289456139182670658e-01
2.415522437091010832e-01 7.584477562908990000e-01
7.580995762476295807e-01 2.419004237523701972e-01
3.336220718720434020e-01 6.663779281279565980e-01
1.960597481094125683e-02 9.803940251890589375e-01
7.423573035010085919e-01 2.576426964989915747e-01
5.999979390988043892e-01 4.000020609011956663e-01
6.828760032023889481e-01 3.171239967976111074e-01
8.956296329629427344e-01 1.043703670370572517e-01
2.133447856613356897e-01 7.866552143386641438e-01
8.075126780502276391e-01 1.924873219497722776e-01
8.523178555590428251e-01 1.476821444409570638e-01
7.461426867778481187e-01 2.538573132221518258e-01
8.096281531824449651e-01 1.903718468175550071e-01
3.206739833963032082e-01 6.793260166036968473e-01
8.451574198003625193e-01 1.548425801996374251e-01
5.125010301669538082e-01 4.874989698330464138e-01
3.480621274247851504e-01 6.519378725752150716e-01
8.304991707599677919e-02 9.169500829240031514e-01
2.116053025179701064e-01 7.883946974820296161e-01
7.662474890377876102e-01 2.337525109622122232e-01
8.474212271571436306e-01 1.525787728428562862e-01
6.518530667219484265e-01 3.481469332780516845e-01
4.212061911935709446e-01 5.787938088064291664e-01
6.341888358451712726e-01 3.658111641548286719e-01
7.930186736402042857e-01 2.069813263597954367e-01
5.307411322008106502e-01 4.692588677991892387e-01
8.284726259029731033e-01 1.715273740970267857e-01
3.806968217865002724e-01 6.193031782134998942e-01
6.228497158208571305e-01 3.771502841791427585e-01
5.211114644705009402e-01 4.788885355294988377e-01
3.471948009856400952e-01 6.528051990143601824e-01
9.528893173781957660e-02 9.047110682621803956e-01
3.034722266469586649e-01 6.965277733530411686e-01
8.006930586539717787e-01 1.993069413460281658e-01
5.701726365677480812e-01 4.298273634322518078e-01
7.127305717541431163e-01 2.872694282458568282e-01
1.766877657434764159e-01 8.233122342565233343e-01
8.399398473368483442e-01 1.600601526631518778e-01
7.851298387435813320e-01 2.148701612564186680e-01
2.469728951885021284e-01 7.530271048114981491e-01
7.803025881283727205e-01 2.196974118716272517e-01
3.536610993316559037e-01 6.463389006683437632e-01
6.499217150567434542e-01 3.500782849432565458e-01
2.976501474696342103e-02 9.702349852530364194e-01
7.039803309702775680e-01 2.960196690297224875e-01
6.203120554670695785e-01 3.796879445329305880e-01
5.413126965029362303e-01 4.586873034970636032e-01
3.794559892210278007e-01 6.205440107789722548e-01
3.361929403673993844e-01 6.638070596326005601e-01
1.884803965312268625e-01 8.115196034687728321e-01
8.200262173757040252e-01 1.799737826242960581e-01
8.028751274250163217e-01 1.971248725749837616e-01
7.693945093411398428e-01 2.306054906588602127e-01
8.199457205085964873e-01 1.800542794914032907e-01
6.081189535174166272e-01 3.918810464825833173e-01
7.170416694666752466e-01 2.829583305333246979e-01
4.797402405553315985e-01 5.202597594446684015e-01
4.679544797316941840e-01 5.320455202683057605e-01
3.785388607437098485e-01 6.214611392562902070e-01
6.417562000417522672e-01 3.582437999582476218e-01
2.520954386706570904e-01 7.479045613293427985e-01
3.649040318709247943e-01 6.350959681290752057e-01
5.219907522805079803e-02 9.478009247719493269e-01
4.601936521856612727e-01 5.398063478143385607e-01
5.334670299343653443e-01 4.665329700656346557e-01
6.969325664209070625e-01 3.030674335790929930e-01
7.972662845249148811e-01 2.027337154750851744e-01
1.647793886354915749e-01 8.352206113645085361e-01
8.183737423805843569e-01 1.816262576194155320e-01
7.208488881156176475e-01 2.791511118843824080e-01
6.255635275347019852e-02 9.374436472465298431e-01
5.596836437478532877e-01 4.403163562521466567e-01
1.316674820103252430e-01 8.683325179896748125e-01
8.024626075615369503e-02 9.197537392438464021e-01
8.243954029102613656e-01 1.756045970897386344e-01
7.324048131402633999e-01 2.675951868597369332e-01
6.782000655289585067e-01 3.217999344710416043e-01
5.790459362108789643e-01 4.209540637891210912e-01
9.074047468866581756e-01 9.259525311334164399e-02
8.282058235929726786e-01 1.717941764070273214e-01
6.828359077901626772e-01 3.171640922098374338e-01
6.575447991770178024e-01 3.424552008229821976e-01
7.383256892646267167e-01 2.616743107353732833e-01
5.993178386896880899e-02 9.400682161310313090e-01
7.614768334403175798e-01 2.385231665596824480e-01
2.659266503033497209e-01 7.340733496966501681e-01
2.982151524412576804e-01 7.017848475587422641e-01
7.188975890215044684e-01 2.811024109784954761e-01
5.558575390628983648e-01 4.441424609371017462e-01
2.707373631233321309e-01 7.292626368766677025e-01
5.843056189524384880e-01 4.156943810475617895e-01
4.248561552518351769e-01 5.751438447481647120e-01
8.481553135471578964e-01 1.518446864528420204e-01
6.772982227617542206e-01 3.227017772382457239e-01
7.272358313517347517e-01 2.727641686482651928e-01
8.837426638856519245e-01 1.162573361143479922e-01
4.702485686138310750e-01 5.297514313861688695e-01
2.950051957949522685e-01 7.049948042050478980e-01
4.770170257330217933e-01 5.229829742669784842e-01
4.195990778326076365e-01 5.804009221673923635e-01
5.527022697822857600e-01 4.472977302177142955e-01
9.536774290275294996e-01 4.632257097247051425e-02
5.913311989947497294e-01 4.086688010052502706e-01
5.852825208146333891e-01 4.147174791853664444e-01
7.248703853761805371e-01 2.751296146238198514e-01
6.512671121495536841e-01 3.487328878504463159e-01
4.599076196585552556e-01 5.400923803414447999e-01
7.984704133687663408e-01 2.015295866312336592e-01
6.431219530612941604e-01 3.568780469387058396e-01
6.918461991804518707e-01 3.081538008195484069e-01
4.590120327803252076e-01 5.409879672196747924e-01
8.569419124517422270e-01 1.430580875482579117e-01
7.865999142099892039e-01 2.134000857900107406e-01
2.086970584653352612e-01 7.913029415346644058e-01
7.570284859458963345e-01 2.429715140541035268e-01
6.582899299245466018e-01 3.417100700754532316e-01
3.208657766657372346e-01 6.791342233342627654e-01
3.579394889851524736e-02 9.642060511014848290e-01
4.176724612449486118e-01 5.823275387550514992e-01
8.510606065128872855e-01 1.489393934871125758e-01
2.353964892992529701e-01 7.646035107007468357e-01
6.531822908120361593e-01 3.468177091879638962e-01
3.785596473429710396e-01 6.214403526570287939e-01
1.289141904867292243e-01 8.710858095132709700e-01
7.440717809546070205e-01 2.559282190453929795e-01
1.862536031100773537e-01 8.137463968899227851e-01
7.747370714122334689e-01 2.252629285877666976e-01
2.981646584196109145e-02 9.701835341580390404e-01
8.593351559378504811e-01 1.406648440621494633e-01
3.700667373493928269e-01 6.299332626506071175e-01
8.525281396680425283e-01 1.474718603319572219e-01
7.262117848043118107e-01 2.737882151956881893e-01
9.156676548921336423e-01 8.433234510786651039e-02
4.416103835303905045e-01 5.583896164696093845e-01
6.546255810915322382e-01 3.453744189084679284e-01
4.491153607848066831e-01 5.508846392151931504e-01
3.652911509891678121e-01 6.347088490108321324e-01
5.119917951891882479e-01 4.880082048108116966e-01
6.849792352103177828e-01 3.150207647896822727e-01
7.042644088832080707e-01 2.957355911167919293e-01
6.160834914272635965e-01 3.839165085727363480e-01
1.879560059960335705e-01 8.120439940039664295e-01
7.251852606937637669e-01 2.748147393062362887e-01
4.922846110143421217e-01 5.077153889856577118e-01
6.938527596774743955e-01 3.061472403225254379e-01
8.481839637771356744e-01 1.518160362228642424e-01
6.952756301985603127e-01 3.047243698014395763e-01
5.175093923566860266e-01 4.824906076433139734e-01
7.276815217276894066e-01 2.723184782723106490e-01
6.857455232879569040e-01 3.142544767120430960e-01
1.251039384163903090e-01 8.748960615836098853e-01
4.756207535554590748e-01 5.243792464445410362e-01
7.260864201308648846e-01 2.739135798691351154e-01
6.659655971622957527e-01 3.340344028377043584e-01
2.232730106751699417e-01 7.767269893248299750e-01
7.386419714895384736e-01 2.613580285104617484e-01
7.684710138201236163e-01 2.315289861798764393e-01
3.953300376491944434e-01 6.046699623508056121e-01
7.486148722695479263e-01 2.513851277304521292e-01
6.514407281439978936e-01 3.485592718560021064e-01
7.563181915287987556e-01 2.436818084712012167e-01
5.289350475179747102e-01 4.710649524820252343e-01
7.189502897731701037e-01 2.810497102268296743e-01
1.167522936869220263e-01 8.832477063130780293e-01
9.184435816098324157e-01 8.155641839016754269e-02
7.091760008240303170e-01 2.908239991759696275e-01
7.729680434838726022e-01 2.270319565161273423e-01
5.000000000000000000e-01 5.000000000000000000e-01
8.118914722499667169e-01 1.881085277500335606e-01
4.413706199583200540e-01 5.586293800416799460e-01
3.517842375406462496e-01 6.482157624593536394e-01
5.206378020564080833e-01 4.793621979435918612e-01
4.249448888187506435e-01 5.750551111812494121e-01
7.775397934655839949e-01 2.224602065344159774e-01
2.656279234124363509e-01 7.343720765875639822e-01
8.888748003329222103e-01 1.111251996670777897e-01
1.877139793160309822e-01 8.122860206839689345e-01
3.671113708271764309e-01 6.328886291728237357e-01
6.639405912768900908e-01 3.360594087231099647e-01
9.511932192040367662e-02 9.048806780795963789e-01
9.034736459383613250e-01 9.652635406163859177e-02
7.279086096201430323e-01 2.720913903798572453e-01
6.644092247192084910e-01 3.355907752807914535e-01
2.913638193468416349e-01 7.086361806531584762e-01
1.725204045896706062e-01 8.274795954103293383e-01
2.338301834349289787e-01 7.661698165650711045e-01
2.592428735061756973e-01 7.407571264938241917e-01
8.013273938671804375e-01 1.986726061328197013e-01
1.631631231929628056e-01 8.368368768070372221e-01
5.000000000000000000e-01 5.000000000000000000e-01
4.652176733283337473e-01 5.347823266716663637e-01
6.890948476327664052e-01 3.109051523672337614e-01
1.295413620160236479e-01 8.704586379839763799e-01
2.158410145723425599e-01 7.841589854276576066e-01
4.178749934468883875e-01 5.821250065531116125e-01
6.400694371578802278e-01 3.599305628421196612e-01
4.900770509307251221e-01 5.099229490692750444e-01
8.174958611338672965e-01 1.825041388661327590e-01
6.856306669753846617e-01 3.143693330246153383e-01
2.361345733438216798e-01 7.638654266561784034e-01
7.137183644799546256e-01 2.862816355200453189e-01
7.121570868196120951e-01 2.878429131803877938e-01
7.150441469563689756e-01 2.849558530436310244e-01
4.795794431671266955e-01 5.204205568328734710e-01
7.824661854374727332e-02 9.217533814562528516e-01
2.354605051699235896e-01 7.645394948300765492e-01
7.148043749952881498e-01 2.851956250047119057e-01
8.512429066792550625e-01 1.487570933207448820e-01
1.306898669863758300e-01 8.693101330136241423e-01
5.727688894198385006e-01 4.272311105801615549e-01
2.587504193156698884e-01 7.412495806843301116e-01
1.247654023053777622e-01 8.752345976946223072e-01
7.455511313781401084e-01 2.544488686218599471e-01
1.044526933175868033e-01 8.955473066824131134e-01
8.116139714341936706e-01 1.883860285658061351e-01
1.513362308301107462e-01 8.486637691698892816e-01
7.901473595828223395e-01 2.098526404171780491e-01
4.822761216215118996e-01 5.177238783784881004e-01
6.074772075111788405e-01 3.925227924888212705e-01
5.327158271093841435e-01 4.672841728906158010e-01
2.802704320266634075e-01 7.197295679733366480e-01
8.752068127046649382e-01 1.247931872953351590e-01
5.326157191243270361e-01 4.673842808756729084e-01
3.302884152512801097e-01 6.697115847487196127e-01
3.065379379162430085e-01 6.934620620837569360e-01
4.744450408009182052e-01 5.255549591990816838e-01
6.365783558965976141e-01 3.634216441034023304e-01
5.649668168456382922e-02 9.435033183154361014e-01
8.916620076076896551e-01 1.083379923923103588e-01
5.566707793335810006e-01 4.433292206664191104e-01
6.192326009752490146e-01 3.807673990247508189e-01
8.856086213837767174e-01 1.143913786162233381e-01
5.088271736957888924e-01 4.911728263042112186e-01
1.140990340122443880e-01 8.859009659877556953e-01
4.270509831214093777e-01 5.729490168785906778e-01
5.765167830192485798e-01 4.234832169807513091e-01
8.425625461461798693e-01 1.574374538538200197e-01
8.105178782054968112e-01 1.894821217945031888e-01
8.168432810662089594e-01 1.831567189337909574e-01
4.334466470747451727e-01 5.665533529252549938e-01
7.734157649621021813e-01 2.265842350378978465e-01
8.405275307023027942e-01 1.594724692976971780e-01
2.828682383240811449e-01 7.171317616759187441e-01
8.317696982212544610e-01 1.682303017787453447e-01
7.435459082204959325e-01 2.564540917795041230e-01
7.076912184276403783e-01 2.923087815723595662e-01
3.345534732376290177e-01 6.654465267623709268e-01
1.180200760857956221e-01 8.819799239142045444e-01
7.175641009635642664e-01 2.824358990364359001e-01
5.033728833879259207e-02 9.496627116612076369e-01
7.324102493049681195e-01 2.675897506950317695e-01
8.439649320518457509e-01 1.560350679481543879e-01
1.539829612190976305e-01 8.460170387809025083e-01
7.334383050186741304e-01 2.665616949813257586e-01
2.056091206331553400e-01 7.943908793668448265e-01
4.752967106993544744e-01 5.247032893006454701e-01
8.394542716371751201e-01 1.605457283628247966e-01
7.861423986689399790e-01 2.138576013310601875e-01
1.381453350516422540e-01 8.618546649483576072e-01
7.565307437779378308e-01 2.434692562220620582e-01
7.755106349902288199e-02 9.224489365009772568e-01
5.145354727350504032e-01 4.854645272649496524e-01
6.061249155166413827e-01 3.938750844833586173e-01
8.898925718471599744e-01 1.101074281528402060e-01
2.210935479193285869e-01 7.789064520806715519e-01
4.564610090046965912e-02 9.543538990995305005e-01
4.751141381182809598e-01 5.248858618817188182e-01
6.852837863781658934e-01 3.147162136218342177e-01
8.828895283649368375e-01 1.171104716350633290e-01
6.524826133047886279e-01 3.475173866952112611e-01
7.913114018829108254e-01 2.086885981170893412e-01
3.597024753788304885e-01 6.402975246211694005e-01
6.789504202293042967e-01 3.210495797706956478e-01
3.500813527408962456e-01 6.499186472591038655e-01
7.601697495693338080e-01 2.398302504306663863e-01
2.951661284123033302e-01 7.048338715876966143e-01
7.694121486597834680e-01 2.305878513402163654e-01
4.301631600881856698e-01 5.698368399118144412e-01
7.919580400770251938e-01 2.080419599229749450e-01
3.779716421352202066e-02 9.622028357864780279e-01
8.922333200928143082e-01 1.077666799071855253e-01
4.186169884433659227e-01 5.813830115566341883e-01
8.233522275029939719e-01 1.766477724970060559e-01
4.214241522236722992e-01 5.785758477763277563e-01
5.082316161520381570e-01 4.917683838479616765e-01
6.083232934633467925e-01 3.916767065366531519e-01
7.455920762527885604e-01 2.544079237472111621e-01
3.512213385515479125e-01 6.487786614484520875e-01
8.428989073531499843e-01 1.571010926468501268e-01
7.731267832750897684e-01 2.268732167249102871e-01
7.339013969510411739e-01 2.660986030489586596e-01
7.617224716960896425e-02 9.238277528303908692e-01
8.363934616372178388e-01 1.636065383627820780e-01
7.353497579961485453e-01 2.646502420038513992e-01
3.031371859559056636e-01 6.968628140440943364e-01
7.806307681060644654e-01 2.193692318939353680e-01
3.788548895577888986e-01 6.211451104422111014e-01
7.366161188940019144e-01 2.633838811059982521e-01
8.782947531660237894e-01 1.217052468339764049e-01
8.791184836367517130e-01 1.208815163632484257e-01
6.578489606659635447e-01 3.421510393340363998e-01
6.682451428133354687e-01 3.317548571866646423e-01
5.731912732024738721e-01 4.268087267975261279e-01
8.891193724378545493e-01 1.108806275621456588e-01
7.905342423815659991e-01 2.094657576184340286e-01
8.883528515932536118e-01 1.116471484067466796e-01
6.844418310057911459e-01 3.155581689942087986e-01
3.072742556082947440e-01 6.927257443917052004e-01
6.421037991446751914e-01 3.578962008553248086e-01
7.685365419128760145e-01 2.314634580871240133e-01
3.087408752702354708e-01 6.912591247297643626e-01
8.782033166817919678e-01 1.217966833182079628e-01
8.124813753713099329e-01 1.875186246286899006e-01
1.102628934991961018e-01 8.897371065008039537e-01
8.148631638263302834e-01 1.851368361736699941e-01
7.768742533063378586e-01 2.231257466936623635e-01
4.670413980377264851e-01 5.329586019622734039e-01
7.345768135918280262e-01 2.654231864081721404e-01
1.874196009131754992e-01 8.125803990868245563e-01
5.000000000000000000e-01 5.000000000000000000e-01
8.151320200306249042e-01 1.848679799693751513e-01
8.463730394334358920e-01 1.536269605665642746e-01
2.744649004133253856e-01 7.255350995866746144e-01
3.457445565333358006e-01 6.542554434666639773e-01
3.049389371658847159e-01 6.950610628341152841e-01
9.966604418273021515e-02 9.003339558172698265e-01
4.845837198252096467e-01 5.154162801747904643e-01
2.496684907217588678e-01 7.503315092782412155e-01
7.221186658792676516e-01 2.778813341207324039e-01
7.438270683238622505e-01 2.561729316761375830e-01
5.619820357115981047e-01 4.380179642884017843e-01
3.987472710313681445e-01 6.012527289686319110e-01
7.895501940253438766e-01 2.104498059746564009e-01
3.098546524804070557e-01 6.901453475195931109e-01
8.575016134168930160e-01 1.424983865831069008e-01
2.554305796831337072e-01 7.445694203168660152e-01
1.459499301393832882e-01 8.540500698606168228e-01
6.106298899457952567e-01 3.893701100542047988e-01
8.160764298052926025e-01 1.839235701947072310e-01
3.520340696064503394e-01 6.479659303935496606e-01
8.505391310048353581e-01 1.494608689951646419e-01
7.316898974938467193e-01 2.683101025061533917e-01
1.414800365426389095e-01 8.585199634573612570e-01
4.069687115595899685e-01 5.930312884404100870e-01
1.039941532243173483e-01 8.960058467756827350e-01
2.727674548237960517e-01 7.272325451762037263e-01
5.000000000000000000e-01 5.000000000000000000e-01
2.955952847967212027e-01 7.044047152032786308e-01
7.851213024536121132e-01 2.148786975463877758e-01
5.327278069108971614e-01 4.672721930891028386e-01
3.880662754035241746e-01 6.119337245964758809e-01
3.154638160655584000e-01 6.845361839344414889e-01
5.677937889413142702e-01 4.322062110586856187e-01
8.622245309358262944e-01 1.377754690641739277e-01
4.113348683895200475e-01 5.886651316104799525e-01
8.460040327594050558e-01 1.539959672405950275e-01
4.282530628392491323e-01 5.717469371607508677e-01
1.089855943110585867e-01 8.910144056889415243e-01
8.024029653409022744e-01 1.975970346590976423e-01
6.890373433241060441e-01 3.109626566758938448e-01
6.445582675100780534e-01 3.554417324899219466e-01
8.556487862405706135e-01 1.443512137594291922e-01
5.562514459339380490e-01 4.437485540660619510e-01
8.229835204567922391e-01 1.770164795432075389e-01
2.556878741403161293e-01 7.443121258596839818e-01
4.331796241101708023e-01 5.668203758898290312e-01
5.742801745787436962e-01 4.257198254212562483e-01
2.049277295422019807e-01 7.950722704577980471e-01
8.027623625234965310e-01 1.972376374765033857e-01
6.885278755604963274e-01 3.114721244395034505e-01
1.435593007643707897e-01 8.564406992356293769e-01
1.671762819635709274e-01 8.328237180364289616e-01
4.716844077235780586e-01 5.283155922764218859e-01
6.142329135817609087e-01 3.857670864182392578e-01
7.545954503933848256e-01 2.454045496066152021e-01
1.842383998084402286e-01 8.157616001915597437e-01
8.178719917164939401e-01 1.821280082835060321e-01
4.664595701433306707e-01 5.335404298566691628e-01
5.148867758613293599e-01 4.851132241386705846e-01
5.735640009526647987e-01 4.264359990473351458e-01
7.459958537347362029e-01 2.540041462652636861e-01
7.258721748685420527e-01 2.741278251314580028e-01
6.881386989142102006e-01 3.118613010857899104e-01
6.463566184098282763e-01 3.536433815901716682e-01
